4000.33988095 3.66852845626
4001.2610993 4.37725547888
4002.1825298 2.98358667746
4003.10417249 5.19261777537
4004.02602741 4.28876856391
4004.94809463 3.94576433289
4005.87037419 3.6742664325
4006.79286613 3.91114233036
4007.71557051 4.78745791907
4008.63848737 3.00048188038
4009.56161677 4.14329402614
4010.48495875 3.79436356875
4011.40851336 3.31605897178
4012.33228066 3.08445329662
4013.25626068 2.5601688545
4014.18045348 3.97622274958
4015.10485911 3.95058134163
4016.02947762 4.17754994025
4016.95430905 3.9835346699
4017.87935345 3.79627763095
4018.80461088 4.29928673917
4019.73008139 3.60435239503
4020.65576501 2.89019309014
4021.58166181 2.5888092406
4022.50777183 3.17913545493
4023.43409511 3.74040733205
4024.36063172 3.54998078537
4025.28738169 4.15110310177
4026.21434508 4.04944604127
4027.14152193 3.46098750647
4028.0689123 3.0939303762
4028.99651623 2.89004061059
4029.92433378 2.92858159458
4030.85236499 4.00529083179
4031.78060991 2.95202273137
4032.70906859 2.8312084522
4033.63774108 2.79831810314
4034.56662744 2.42211380304
4035.4957277 2.42861234739
4036.42504191 2.67047121203
4037.35457014 4.36864835644
4038.28431242 2.87555509156
4039.21426881 3.47656597496
4040.14443935 4.90385470529
4041.07482409 3.02764191587
4042.00542309 3.93253570196
4042.9362364 4.56880545671
4043.86726405 3.36501715036
4044.79850611 2.95321754698
4045.72996262 3.36200522541
4046.66163363 2.98689285867
4047.59351919 3.11283788255
4048.52561934 2.18057557818
4049.45793415 2.03493248105
4050.39046365 2.98082922593
4051.32320791 4.23914935663
4052.25616696 4.32551309544
4053.18934085 2.49475337114
4054.12272964 4.27393294101
4055.05633338 3.69063114254
4055.99015211 3.43473439618
4056.92418589 3.52592650637
4057.85843476 2.22448335755
4058.79289877 3.50520444745
4059.72757798 2.74711689745
4060.66247243 3.30592612038
4061.59758217 3.31635824792
4062.53290726 2.48394476854
4063.46844773 2.56837329204
4064.40420365 2.83680188567
4065.34017506 3.25205480981
4066.276362 3.24662103523
4067.21276454 3.37110424786
4068.14938272 3.91134154785
4069.08621658 4.50950689174
4070.02326618 4.7056988807
4070.96053158 4.28560675486
4071.89801281 4.6057010646
4072.83570993 4.41505630421
4073.77362298 3.93142016344
4074.71175203 4.46392092079
4075.65009711 4.78977846657
4076.58865827 2.84896885979
4077.52743558 3.29690999769
4078.46642907 4.04370849181
4079.4056388 3.67411031678
4080.34506481 3.2975521738
4081.28470716 3.12125215676
4082.22456589 3.56298750776
4083.16464106 5.02465564231
4084.10493271 5.13761773546
4085.0454409 4.91297586907
4085.98616568 5.96349387013
4086.92710709 4.8476358195
4087.86826518 5.74582942014
4088.80964001 6.20394409707
4089.75123162 5.64580764214
4090.69304007 5.5615468559
4091.6350654 6.30348053579
4092.57730767 5.37356809596
4093.51976692 6.56077911056
4094.4624432 5.85811186092
4095.40533657 6.23616554892
4096.34844708 7.01320036699
4097.29177476 5.43894318176
4098.23531968 5.57726206566
4099.17908189 5.76305472282
4100.12306143 5.87698966208
4101.06725836 5.27565009254
4102.01167271 4.78223084716
4102.95630456 5.49405760108
4103.90115394 5.79312430769
4104.8462209 4.7878511746
4105.7915055 5.10838047047
4106.73700778 4.56959997678
4107.6827278 4.02409133179
4108.6286656 5.43679018419
4109.57482124 4.98261497077
4110.52119476 4.72851857005
4111.46778622 4.52538732751
4112.41459566 5.32234704241
4113.36162314 5.72959242774
4114.30886871 4.3703241483
4115.25633241 4.47501590108
4116.20401431 4.67632483916
4117.15191443 6.1513184998
4118.10003285 6.54048220867
4119.0483696 5.11744811306
4119.99692474 4.22767320266
4120.94569832 5.52746010087
4121.89469038 4.25377134375
4122.84390099 4.63727409592
4123.79333018 4.36037280555
4124.74297801 3.75460556001
4125.69284454 4.89777599474
4126.6429298 4.10970145662
4127.59323385 3.82714080747
4128.54375674 3.32088432519
4129.49449853 3.57749672475
4130.44545926 3.62047996194
4131.39663897 2.7113877656
4132.34803774 4.21085899903
4133.29965559 2.92693360208
4134.25149259 2.72386841014
4135.20354878 3.68358756658
4136.15582421 4.18636727332
4137.10831894 3.90097806676
4138.06103302 4.35242462412
4139.01396649 4.78036191331
4139.96711941 5.23966196429
4140.92049182 4.84776912039
4141.87408378 3.93787516701
4142.82789534 3.52744333327
4143.78192655 3.09610654261
4144.73617746 2.89582117781
4145.69064812 2.91658096302
4146.64533857 2.39451529969
4147.60024888 2.50256444611
4148.55537909 4.0853844643
4149.51072925 3.80909709541
4150.46629942 3.08005904261
4151.42208964 2.8978797068
4152.37809996 3.22114856229
4153.33433044 3.59046628319
4154.29078112 3.30153828959
4155.24745206 2.05370423755
4156.2043433 2.80883949988
4157.16145491 3.56534074726
4158.11878692 3.41871607764
4159.07633939 2.71914128485
4160.03411237 2.50147042113
4160.99210591 3.61516571497
4161.95032007 3.88683666286
4162.90875488 3.26671494728
4163.86741041 4.03663577613
4164.82628671 4.81333433074
4165.78538381 3.43866692669
4166.74470179 3.65996241295
4167.70424068 3.19661539158
4168.66400054 2.96003485136
4169.62398141 2.86633689385
4170.58418336 2.78250123736
4171.54460642 2.87763236193
4172.50525066 2.70500891433
4173.46611612 1.34984617456
4174.42720285 2.24303225726
4175.38851091 2.68687737563
4176.35004034 2.17508747731
4177.31179119 3.00935313293
4178.27376352 3.75870991572
4179.23595739 2.13116569985
4180.19837282 2.50991637985
4181.16100989 2.97432484265
4182.12386864 2.79232115305
4183.08694913 2.96897552744
4184.05025139 1.57181999332
4185.01377549 2.80343863239
4185.97752148 2.01810016669
4186.9414894 1.06440607599
4187.9056793 1.21186291409
4188.87009125 1.66395696175
4189.83472529 3.46397812355
4190.79958146 3.14504584017
4191.76465983 2.09202954625
4192.72996044 2.25347618259
4193.69548335 2.85845868686
4194.6612286 2.60680689246
4195.62719625 3.38613306609
4196.59338635 2.19851027566
4197.55979894 1.93512543739
4198.52643409 2.04784040679
4199.49329184 1.61806608924
4200.46037224 1.25843905717
4201.42767534 1.8816187359
4202.3952012 2.4378656864
4203.36294987 2.18247084703
4204.33092139 1.72295441886
4205.29911582 1.62926554033
4206.26753322 1.90188754471
4207.23617363 2.14649676531
4208.2050371 1.4017490836
4209.17412368 1.3886206705
4210.14343343 2.48770563373
4211.1129664 3.29198833682
4212.08272264 2.41313579347
4213.05270219 1.45858456002
4214.02290512 3.80557376154
4214.99333148 3.03768999138
4215.9639813 2.38499077533
4216.93485466 2.933205062
4217.90595159 2.40043244516
4218.87727215 3.54664475543
4219.84881639 3.38888460102
4220.82058436 2.90701614049
4221.79257612 2.48325455623
4222.76479171 2.647828972
4223.73723119 3.48927802986
4224.7098946 3.15571273094
4225.68278201 2.65614936377
4226.65589345 2.18209813452
4227.629229 1.71418644657
4228.60278868 1.10815625828
4229.57657256 0.869304553198
4230.55058069 2.28405677161
4231.52481312 2.18209648695
4232.4992699 2.81893885338
4233.47395108 2.96858014795
4234.44885672 2.22617202357
4235.42398686 1.68315470641
4236.39934156 1.03366388916
4237.37492087 3.1054777397
4238.35072485 3.41887873027
4239.32675353 1.79915862945
4240.30300698 1.21757944304
4241.27948525 2.92090844836
4242.25618838 2.87859349255
4243.23311644 2.42276659267
4244.21026946 3.64255132476
4245.18764751 4.08962914207
4246.16525064 3.1845971411
4247.14307889 2.79019933024
4248.12113232 2.61011116109
4249.09941099 3.43337867873
4250.07791493 2.75708964744
4251.05664421 1.90513159318
4252.03559888 1.95387947385
4253.01477899 2.32749818211
4253.99418459 2.83441285148
4254.97381572 2.76891471823
4255.95367246 2.85016252208
4256.93375484 2.7115142377
4257.91406292 2.50301902116
4258.89459675 2.50284520497
4259.87535638 1.56013357958
4260.85634186 1.55884867609
4261.83755325 1.71956176106
4262.8189906 2.27265060461
4263.80065396 2.95809402737
4264.78254339 2.85844053584
4265.76465892 2.22724311815
4266.74700063 2.32753419661
4267.72956855 3.71041841644
4268.71236274 3.74006427178
4269.69538326 2.77873834521
4270.67863015 2.88529917988
4271.66210346 1.44064290758
4272.64580326 0.453823167084
4273.62972959 1.01079735518
4274.6138825 2.0501621446
4275.59826205 2.13225602731
4276.58286828 1.49514006429
4277.56770126 2.62525092152
4278.55276102 3.14237095675
4279.53804763 3.20733451964
4280.52356114 3.27832712503
4281.5093016 3.06715388912
4282.49526906 2.56129820242
4283.48146357 3.20102467297
4284.46788519 2.93027324467
4285.45453396 3.07337189403
4286.44140995 2.88235883924
4287.4285132 2.63169750103
4288.41584377 3.18519698117
4289.4034017 2.46963522319
4290.39118705 1.5294779749
4291.37919987 1.82289549037
4292.36744022 2.27827253363
4293.35590815 2.52335727751
4294.3446037 2.77678138823
4295.33352694 1.7462337633
4296.32267791 3.19953272155
4297.31205667 3.05911201782
4298.30166326 3.00054693145
4299.29149775 2.79523088376
4300.28156018 0.782949621031
4301.27185061 1.68456991604
4302.26236909 2.15477598021
4303.25311567 1.99369223933
4304.2440904 1.9977373732
4305.23529334 2.0033089472
4306.22672454 1.57710608387
4307.21838405 1.87734127587
4308.21027193 2.28445019162
4309.20238822 2.14638551077
4310.19473298 1.78303979657
4311.18730626 2.01096992151
4312.18010812 2.57689533334
4313.17313861 1.56432700209
4314.16639777 3.01602653919
4315.15988567 3.33308239846
4316.15360236 4.09038872334
4317.14754788 5.75504959373
4318.14172229 6.16089347181
4319.13612565 6.02033160431
4320.130758 6.58615043196
4321.1256194 6.54658514093
4322.12070991 7.20056150554
4323.11602956 7.13628112099
4324.11157843 4.98408317101
4325.10735655 6.65724859952
4326.10336399 5.33529040491
4327.0996008 4.42907921317
4328.09606702 4.85265034563
4329.09276271 5.72679282755
4330.08968793 6.55890058964
4331.08684272 7.24948490448
4332.08422714 5.94818571741
4333.08184125 7.09081278593
4334.07968509 7.97957508047
4335.07775872 7.11027491207
4336.0760622 7.0664975197
4337.07459556 8.36687764438
4338.07335888 7.38828671891
4339.07235219 6.7178075517
4340.07157556 7.49924953441
4341.07102903 8.02864691415
4342.07071266 7.11123240273
4343.07062651 8.06097965133
4344.07077062 8.20816420218
4345.07114504 6.89929925685
4346.07174984 6.13259894593
4347.07258507 6.17273035905
4348.07365077 5.92792654341
4349.074947 6.75472744544
4350.07647381 6.49768179806
4351.07823126 7.19659196485
4352.08021941 7.21987116212
4353.08243829 6.56780732449
4354.08488797 6.85537757086
4355.0875685 5.85254446637
4356.09047993 5.98687377777
4357.09362232 6.71808992769
4358.09699571 5.93150187347
4359.10060017 5.0819152822
4360.10443574 7.00244423995
4361.10850248 8.31381891211
4362.11280045 8.27831252675
4363.11732968 6.86257556317
4364.12209025 6.61348761566
4365.12708219 7.6115924045
4366.13230558 7.50949762768
4367.13776044 6.92180454595
4368.14344685 6.94856755432
4369.14936486 5.74274482674
4370.15551451 4.95840361767
4371.16189586 5.67506287658
4372.16850897 6.15764628522
4373.17535389 4.45685318317
4374.18243067 4.02830418668
4375.18973936 4.64128445409
4376.19728002 4.51474400593
4377.2050527 4.26504449211
4378.21305746 5.275226216
4379.22129434 4.75756546271
4380.22976341 4.67693993764
4381.23846471 4.27436949336
4382.2473983 4.31372655639
4383.25656424 4.46511773174
4384.26596257 3.5767842292
4385.27559334 3.12367944804
4386.28545663 2.21689358072
4387.29555246 2.710198566
4388.30588091 3.06975767738
4389.31644202 3.0060958362
4390.32723585 4.17391016573
4391.33826245 5.38344663962
4392.34952187 4.62723349267
4393.36101417 2.88311463477
4394.37273941 3.25087025258
4395.38469762 4.19273554404
4396.39688888 2.56476635692
4397.40931323 3.50610864701
4398.42197072 3.33295784857
4399.43486142 3.07322861299
4400.44798537 3.396229622
4401.46134262 3.8979358021
4402.47493324 3.78278946212
4403.48875727 2.98804171173
4404.50281477 3.57139633552
4405.5171058 3.15311909954
4406.53163039 2.24414704691
4407.54638862 2.21545341397
4408.56138053 2.70042071117
4409.57660618 1.78869545007
4410.59206562 2.5753499786
4411.60775891 2.52486534451
4412.62368609 3.14600641191
4413.63984723 4.42438259458
4414.65624238 3.96634897186
4415.67287158 3.30283905082
4416.6897349 3.62411785053
4417.70683239 3.36005614198
4418.7241641 2.82566971303
4419.74173008 3.04946499459
4420.7595304 3.80327243272
4421.7775651 3.27797891379
4422.79583424 4.05601059524
4423.81433787 3.58583160058
4424.83307605 2.76545832446
4425.85204882 3.08378621741
4426.87125626 3.8248084845
4427.89069839 2.95733377772
4428.9103753 2.64389983647
4429.93028701 3.17961084821
4430.9504336 3.08622990591
4431.97081512 3.07253932709
4432.99143161 4.33359098747
4434.01228313 2.94792112514
4435.03336974 1.75953005626
4436.05469149 3.09266060216
4437.07624844 3.45353242335
4438.09804064 2.78173943571
4439.12006814 3.98231627673
4440.14233099 2.97804899133
4441.16482926 3.00902539445
4442.187563 3.21068809706
4443.21053225 3.08028976203
4444.23373708 3.27325799388
4445.25717754 3.96002086576
4446.28085368 3.20674214552
4447.30476556 3.61221446994
4448.32891323 3.70639882005
4449.35329675 4.26398523709
4450.37791617 4.74436555517
4451.40277154 3.61716991232
4452.42786292 3.55209297476
4453.45319036 3.21729234307
4454.47875392 3.4217119344
4455.50455365 3.59818812837
4456.53058961 3.0744639881
4457.55686185 2.43681521
4458.58337043 3.08602879842
4459.61011539 3.43695213533
4460.6370968 2.54412752174
4461.66431471 2.58410930682
4462.69176917 3.23410274647
4463.71946023 2.46628920787
4464.74738796 3.27402949026
4465.77555241 2.43517166454
4466.80395362 3.61103837774
4467.83259167 3.57046057426
4468.86146659 2.43842879456
4469.89057844 3.94659471033
4470.91992729 2.92285758452
4471.94951318 2.86399650529
4472.97933616 3.57734579973
4474.0093963 3.74841425743
4475.03969365 3.87120299959
4476.07022826 4.60937858707
4477.10100018 3.0193954443
4478.13200948 3.89854958257
4479.1632562 4.49665503551
4480.19474041 3.90420655243
4481.22646215 3.23264985831
4482.25842148 3.51886220716
4483.29061845 3.99867544596
4484.32305312 3.37615498346
4485.35572555 3.31943160088
4486.38863579 4.35724826627
4487.42178389 5.00663481471
4488.45516991 4.1210641144
4489.4887939 4.36503775935
4490.52265592 4.09628317009
4491.55675602 3.96287693939
4492.59109426 3.5730398634
4493.6256707 3.5758721064
4494.66048538 4.48975239036
4495.69553836 2.9074908546
4496.7308297 3.78971886408
4497.76635946 4.14608764022
4498.80212768 3.5532055714
4499.83813442 3.42411717542
4500.87437974 4.18360106709
4501.91086369 4.17511284212
4502.94758632 4.11273531781
4503.9845477 4.61430148812
4505.02174788 5.09115477513
4506.0591869 5.32627932625
4507.09686484 5.38765270663
4508.13478173 4.2941751072
4509.17293765 5.11593042335
4510.21133263 4.81614636903
4511.24996674 4.12823290708
4512.28884003 4.60304034542
4513.32795256 5.50059797753
4514.36730438 4.77028029752
4515.40689555 3.88032137349
4516.44672612 4.89210863109
4517.48679615 4.70965526527
4518.52710569 3.57166686198
4519.5676548 4.92910260357
4520.60844353 4.69281265019
4521.64947194 3.96327145737
4522.69074009 4.71261496859
4523.73224802 5.19467827206
4524.77399579 4.35175674534
4525.81598347 3.71042965144
4526.85821109 4.16142722936
4527.90067873 4.05665448589
4528.94338643 3.93920883203
4529.98633426 3.87605896861
4531.02952225 3.73876392121
4532.07295048 3.64768437872
4533.11661899 3.59128283712
4534.16052785 3.22902271392
4535.2046771 3.2732395023
4536.2490668 3.50781353279
4537.29369702 3.53095028971
4538.33856779 3.57957352036
4539.38367918 4.2376847151
4540.42903125 3.97380339785
4541.47462404 4.50910562223
4542.52045762 4.15612923344
4543.56653204 3.94147720164
4544.61284735 6.02799312921
4545.65940361 3.79034761719
4546.70620088 3.72623216022
4547.75323922 3.65326768415
4548.80051867 3.67079337571
4549.84803929 4.38025002551
4550.89580114 4.6280260103
4551.94380427 3.62295216407
4552.99204875 3.94423703222
4554.04053461 3.84947350219
4555.08926193 3.55546612177
4556.13823076 3.94216696882
4557.18744115 4.60884098581
4558.23689315 4.30302535964
4559.28658683 5.08143956375
4560.33652224 5.10314687572
4561.38669943 4.56555065313
4562.43711846 4.65348645132
4563.48777939 5.5313195888
4564.53868226 5.66456819033
4565.58982715 4.36208238845
4566.6412141 3.66069515171
4567.69284316 4.23877763584
4568.74471441 4.51440685548
4569.79682788 3.57097893764
4570.84918364 5.26979298731
4571.90178173 4.79889260327
4572.95462223 5.31780579532
4574.00770518 5.43842865299
4575.06103064 4.68705439521
4576.11459867 5.04567719023
4577.16840931 4.10737135246
4578.22246263 5.51481736591
4579.27675869 5.36283834559
4580.33129753 4.9165762687
4581.38607922 4.80591727035
4582.44110381 3.63816392447
4583.49637136 5.1352351923
4584.55188191 4.58597877039
4585.60763554 3.86665064832
4586.66363229 3.55119282968
4587.71987222 3.81821397869
4588.77635538 4.93063409664
4589.83308184 4.8733171434
4590.89005165 4.66519973789
4591.94726486 4.45825493571
4593.00472153 4.54089227316
4594.06242172 4.8649697106
4595.12036548 4.78561621481
4596.17855287 3.86327801844
4597.23698394 2.92251782774
4598.29565876 3.72772579923
4599.35457737 4.29543006726
4600.41373983 3.90467394696
4601.47314621 4.34937154006
4602.53279655 4.49092206787
4603.59269091 3.65824391266
4604.65282935 3.79026587588
4605.71321192 4.95079709584
4606.77383868 5.25903678715
4607.83470969 3.79563187965
4608.895825 4.17728905288
4609.95718468 4.25677944217
4611.01878876 4.52772635939
4612.08063732 4.87086652863
4613.14273041 4.7639091419
4614.20506808 4.33079274366
4615.26765039 4.48591895294
4616.33047739 3.96873577051
4617.39354915 4.78029710747
4618.45686572 5.17105177012
4619.52042716 4.63805373438
4620.58423352 5.23729630903
4621.64828485 5.34174394116
4622.71258122 5.1164773435
4623.77712269 4.34769994834
4624.8419093 4.24425541367
4625.90694111 4.59862397774
4626.97221819 4.09306965148
4628.03774058 4.88732157279
4629.10350835 5.8029234675
4630.16952155 5.48476925714
4631.23578023 4.45160031383
4632.30228446 4.18658526208
4633.36903429 5.13267275848
4634.43602977 4.87972810036
4635.50327097 4.37449732663
4636.57075794 4.66614927257
4637.63849073 5.45395319248
4638.70646941 5.62360497814
4639.77469402 4.50984174246
4640.84316464 3.66372266297
4641.9118813 5.35063683965
4642.98084408 5.21048880468
4644.05005302 4.63253071724
4645.11950818 5.28872812611
4646.18920962 5.26105465188
4647.2591574 3.82572742734
4648.32935157 4.55524499917
4649.39979219 4.19684590555
4650.47047932 3.21806541541
4651.54141301 3.20617331143
4652.61259332 3.85349611695
4653.68402031 4.37715442572
4654.75569403 5.04824093538
4655.82761455 4.20863236044
4656.8997819 3.99546588525
4657.97219617 5.07563164602
4659.04485739 4.97969028018
4660.11776563 4.44060359599
4661.19092095 4.91947951293
4662.2643234 5.1362672344
4663.33797304 4.83194015785
4664.41186992 4.7273672434
4665.4860141 5.13354996252
4666.56040565 4.74790815538
4667.63504461 4.05611182295
4668.70993104 3.92057049405
4669.785065 3.92492913622
4670.86044655 3.77228009345
4671.93607575 3.8395697199
4673.01195265 3.86839473847
4674.0880773 3.99564149169
4675.16444977 4.62220366313
4676.24107011 4.64855888417
4677.31793839 4.28113156287
4678.39505465 4.91484483923
4679.47241895 4.62505647847
4680.55003135 4.65055442385
4681.62789191 4.72413860648
4682.70600069 4.50023847976
4683.78435774 4.56667128648
4684.86296312 5.39165321626
4685.94181688 4.91002785281
4687.02091909 4.84211568999
4688.1002698 5.7361711876
4689.17986907 6.24021819761
4690.25971695 6.0838096414
4691.33981351 5.97149509355
4692.4201588 3.96909298096
4693.50075287 4.32543171065
4694.58159579 4.12423684271
4695.66268761 4.45296799184
4696.74402839 5.43966259378
4697.82561819 4.50664721559
4698.90745706 4.17518383536
4699.98954506 3.56829789172
4701.07188225 3.88412538555
4702.15446868 3.90663174024
4703.23730442 3.57345634352
4704.32038952 4.28040596869
4705.40372404 3.2108648734
4706.48730804 3.25153747626
4707.57114157 3.21788215118
4708.65522468 3.3567418286
4709.73955745 3.83675703367
4710.82413992 3.7390735395
4711.90897216 3.67322125913
4712.99405421 4.17649717988
4714.07938615 4.48114142986
4715.16496802 4.36580726103
4716.25079988 4.04508928439
4717.33688179 3.76124151638
4718.42321382 3.71403826289
4719.509796 3.85210188966
4720.59662841 3.73627110324
4721.68371111 3.91621579122
4722.77104414 4.51776806223
4723.85862757 4.73540736531
4724.94646145 4.46877789337
4726.03454584 3.38680235324
4727.12288081 4.59811893756
4728.2114664 4.44210099521
4729.30030268 2.52871839112
4730.38938969 3.64716043767
4731.47872751 3.05054726189
4732.56831619 3.32704889396
4733.65815578 3.13795970746
4734.74824635 2.96058822687
4735.83858795 3.34852626876
4736.92918064 3.24504214422
4738.02002447 2.38091986212
4739.11111951 3.68313271855
4740.20246581 3.32518413089
4741.29406344 2.92787539819
4742.38591244 3.92015782383
4743.47801288 3.99599691928
4744.57036481 3.63479264954
4745.6629683 3.14089197079
4746.75582339 4.23587745673
4747.84893016 4.33814269733
4748.94228865 2.93620093508
4750.03589892 3.22625683092
4751.12976104 3.16989049866
4752.22387505 3.06616196713
4753.31824103 3.27359769272
4754.41285902 3.36898189012
4755.50772908 2.8810322065
4756.60285128 2.4633516464
4757.69822566 3.90912166436
4758.7938523 2.68534680803
4759.88973124 2.48691034726
4760.98586255 2.7597452584
4762.08224627 2.60279292338
4763.17888248 3.3453997314
4764.27577123 2.85819453816
4765.37291258 2.89811339279
4766.47030658 2.71128513743
4767.56795329 1.73875585616
4768.66585278 1.62946432461
4769.76400509 3.50333532615
4770.86241029 1.79505679332
4771.96106844 2.92753129606
4773.0599796 3.57909726699
4774.15914382 2.95229391515
4775.25856115 2.48396525762
4776.35823167 2.85968452408
4777.45815542 3.51634600799
4778.55833248 2.90181266873
4779.65876288 2.52306240339
4780.7594467 2.72620841475
4781.86038399 3.08343133865
4782.96157481 3.2833493881
4784.06301921 2.95154737142
4785.16471726 3.65469038504
4786.26666902 3.08311123075
4787.36887454 2.46598579621
4788.47133388 2.72277768826
4789.5740471 2.6091450534
4790.67701426 3.74065613926
4791.78023542 2.95699280772
4792.88371063 2.71477444958
4793.98743995 3.57386447048
4795.09142345 4.04384824525
4796.19566118 3.19283216146
4797.3001532 3.04316331948
4798.40489956 3.93162041635
4799.50990033 4.52735122391
4800.61515557 4.28970915758
4801.72066533 3.7660605174
4802.82642968 3.74308031107
4803.93244866 3.67503855511
4805.03872234 2.95035369511
4806.14525079 3.02991189346
4807.25203405 3.11897852388
4808.35907218 3.04481221552
4809.46636525 3.98091262418
4810.57391331 3.68494311333
4811.68171643 4.03749745354
4812.78977465 3.7142978243
4813.89808804 3.66858664729
4815.00665666 4.32181153864
4816.11548057 4.08478296548
4817.22455983 3.84917141159
4818.33389448 4.10018005917
4819.44348461 4.30610535146
4820.55333025 4.38683736507
4821.66343147 4.50965220554
4822.77378834 4.74904846389
4823.8844009 5.1577034813
4824.99526922 4.84679481226
4826.10639336 5.84641341985
4827.21777337 5.74901458648
4828.32940931 4.47401184777
4829.44130125 5.56704407428
4830.55344924 4.50518818004
4831.66585334 4.76136904915
4832.77851361 5.64909672126
4833.89143011 5.75012756022
4835.0046029 5.38418664019
4836.11803204 5.89774608276
4837.23171758 6.04234328292
4838.34565959 7.37863521519
4839.45985812 7.95670371758
4840.57431323 8.13565843356
4841.68902499 8.5263078959
4842.80399345 8.33356916493
4843.91921867 8.33200162601
4845.0347007 9.3205571593
4846.15043962 9.75826298917
4847.26643548 9.94757452051
4848.38268833 9.96866622001
4849.49919824 9.08379935859
4850.61596526 9.59305195189
4851.73298946 9.72840916682
4852.85027089 9.35275504452
4853.96780962 9.25101593789
4855.0856057 9.4252260924
4856.20365918 9.27495241489
4857.32197015 9.97275529627
4858.44053864 9.02641307213
4859.55936472 9.89833192643
4860.67844845 11.3697874741
4861.79778988 11.6684351574
4862.91738909 12.0576235795
4864.03724612 11.9859578923
4865.15736104 11.4027141855
4866.2777339 10.9247631993
4867.39836477 10.192942836
4868.51925371 9.33638737514
4869.64040077 9.39505879428
4870.76180601 9.53638782731
4871.88346949 8.36689683673
4873.00539128 7.75561694266
4874.12757142 7.61473837946
4875.25000999 7.35630924288
4876.37270704 7.59386344464
4877.49566263 8.31310405801
4878.61887682 7.74657269794
4879.74234967 8.43858159362
4880.86608124 9.18445367248
4881.99007159 8.69242240483
4883.11432078 8.25488051662
4884.23882886 7.01967934822
4885.3635959 7.04312810906
4886.48862196 7.07909869506
4887.61390709 6.28410163336
4888.73945136 5.67515665208
4889.86525483 6.46556432763
4890.99131755 5.98215311206
4892.11763959 5.95876061367
4893.244221 6.38329610278
4894.37106185 6.41678543581
4895.49816219 6.11573231011
4896.62552208 6.66155889262
4897.7531416 7.82020243991
4898.88102078 6.69986884937
4900.0091597 6.44423572766
4901.13755841 7.15663656518
4902.26621697 7.01768949811
4903.39513545 5.906934444
4904.5243139 6.22612699461
4905.65375239 6.27684621837
4906.78345096 6.23856806949
4907.91340969 5.56808021
4909.04362863 5.10878725012
4910.17410785 6.37273449031
4911.30484739 4.86337324631
4912.43584733 4.24411901808
4913.56710772 5.39743536656
4914.69862863 5.59102527542
4915.8304101 4.42512570857
4916.96245221 4.78839888881
4918.09475501 4.02820541136
4919.22731857 4.77332344339
4920.36014293 4.90488851667
4921.49322817 3.71603524416
4922.62657434 2.61166558052
4923.7601815 2.89305217932
4924.89404972 2.8833833501
4926.02817905 2.44381822856
4927.16256955 3.51617011849
4928.29722129 4.0730677352
4929.43213431 3.3659960718
4930.5673087 4.18833600586
4931.70274449 4.38976733345
4932.83844176 3.98306989663
4933.97440056 3.79771107459
4935.11062096 4.22214643937
4936.24710301 4.43844530848
4937.38384678 3.43190594102
4938.52085232 3.37771320852
4939.6581197 4.52212710494
4940.79564897 3.6160642631
4941.9334402 3.18887089585
4943.07149345 4.83586441418
4944.20980877 4.9959603403
4945.34838623 4.37046003778
4946.48722588 4.64681085947
4947.6263278 3.91080202444
4948.76569203 4.0413522378
4949.90531864 5.39058834739
4951.04520769 4.70982542564
4952.18535924 5.28288933066
4953.32577335 4.62658751014
4954.46645007 5.29414584515
4955.60738948 6.98379952761
4956.74859163 7.98620586005
4957.89005659 9.11704546841
4959.0317844 13.9325870814
4960.17377514 17.6213435142
4961.31602886 18.3160905895
4962.45854563 17.5191381502
4963.6013255 15.5048050287
4964.74436853 10.5771817489
4965.88767479 6.39577443074
4967.03124434 6.03777751488
4968.17507723 5.02238813717
4969.31917353 4.29672739676
4970.4635333 4.43164981093
4971.6081566 2.40784076851
4972.75304349 3.13711671381
4973.89819403 3.09885576324
4975.04360827 3.57030174843
4976.1892863 3.65733104578
4977.33522815 3.01599390059
4978.4814339 3.53526571624
4979.6279036 2.9173705009
4980.77463731 3.41229644078
4981.9216351 3.21575449643
4983.06889703 2.46152820575
4984.21642316 2.44875987523
4985.36421354 3.05399807697
4986.51226824 2.66305502509
4987.66058732 3.48653584697
4988.80917084 4.44526824225
4989.95801887 4.9568612856
4991.10713145 5.60544876561
4992.25650866 6.69165568274
4993.40615056 6.16581859648
4994.5560572 4.1237442404
4995.70622864 4.25776119264
4996.85666496 7.50672866081
4998.0073662 11.6059528275
4999.15833243 12.4109382023
5000.30956371 7.23413348578
5001.4610601 7.03475497993
5002.61282166 8.69913020855
5003.76484846 11.4818926885
5004.91714055 17.1445125416
5006.069698 26.2447096833
5007.22252087 39.255133387
5008.37560921 47.1238440691
5009.52896309 51.2079961106
5010.68258257 48.0383189484
5011.83646772 36.3395564596
5012.99061858 23.4431169554
5014.14503523 12.850343385
5015.29971772 6.98252572468
5016.45466612 5.18982547683
5017.60988049 5.14536593667
5018.76536089 4.77361544311
5019.92110737 3.63340770635
5021.07712001 3.05709541864
5022.23339886 4.26576854494
5023.38994398 4.03103111846
5024.54675544 2.95481778696
5025.70383329 3.00607290334
5026.8611776 3.63230127476
5028.01878844 3.34294840411
5029.17666585 3.38110341844
5030.3348099 2.94705412456
5031.49322066 2.74748931497
5032.65189818 3.21892426819
5033.81084253 3.12668718399
5034.97005376 3.01980334643
5036.12953194 3.78074239951
5037.28927714 3.40254539537
5038.4492894 2.51785568495
5039.6095688 2.26453082872
5040.7701154 1.91851362621
5041.93092925 1.68079419597
5043.09201042 1.81877868052
5044.25335897 2.42428486642
5045.41497496 2.67708506587
5046.57685845 2.25090743355
5047.73900951 2.0799523239
5048.90142819 2.31357416599
5050.06411456 2.69494722184
5051.22706868 2.63792504601
5052.39029061 2.61914883688
5053.55378041 2.5593247844
5054.71753815 1.62814547382
5055.88156388 2.06691898839
5057.04585768 2.23632612099
5058.21041959 2.5796134985
5059.37524968 2.55854128214
5060.54034801 2.28142937943
5061.70571465 3.10691535682
5062.87134966 2.92010389033
5064.03725309 3.0254218703
5065.20342502 3.06639092153
5066.36986549 2.7903176008
5067.53657458 2.43349801569
5068.70355235 2.06030059509
5069.87079885 1.01733849238
5071.03831415 2.03582803911
5072.20609832 2.3073367704
5073.3741514 2.47083277063
5074.54247348 3.0276079729
5075.7110646 1.73092067661
5076.87992482 2.15835753191
5078.04905422 2.97114299394
5079.21845286 1.9019987845
5080.38812078 1.31426959756
5081.55805807 2.12358863345
5082.72826477 1.10200217171
5083.89874095 1.83162603771
5085.06948668 0.876134041833
5086.24050201 1.51054879874
5087.41178701 2.39364093744
5088.58334174 1.70940692778
5089.75516626 1.81199747852
5090.92726064 1.67157389498
5092.09962493 2.04198873752
5093.2722592 2.36446199657
5094.44516351 2.25052175454
5095.61833792 2.02481521819
5096.79178249 2.20809857061
5097.96549729 2.11038412281
5099.13948238 1.7347815328
5100.31373783 2.11796792515
5101.48826368 2.51457603719
5102.66306001 2.24791433187
5103.83812688 2.39547996874
5105.01346435 3.0134378385
5106.18907248 1.46355412164
5107.36495134 1.11945559547
5108.54110098 1.68671532114
5109.71752148 1.46286734626
5110.89421288 1.41180037928
5112.07117526 2.01575127952
5113.24840868 1.52027651332
5114.4259132 1.23282670691
5115.60368887 1.8911008971
5116.78173578 2.45613206831
5117.96005397 1.73099851349
5119.1386435 2.34839148554
5120.31750445 2.80074473361
5121.49663687 2.51228805821
5122.67604083 2.27332072283
5123.85571639 2.13795693563
5125.03566361 1.23198630019
5126.21588256 1.83485094398
5127.39637329 0.613463435524
5128.57713587 1.37172286519
5129.75817036 2.09137711263
5130.93947683 1.11979926972
5132.12105533 2.30824487019
5133.30290594 1.63374739899
5134.4850287 1.26586211647
5135.6674237 2.15391035891
5136.85009098 2.2194837879
5138.03303061 1.32957639014
5139.21624265 2.4878217023
5140.39972717 1.63300060848
5141.58348423 1.12078776189
5142.76751389 1.57991713309
5143.95181621 1.48691198995
5145.13639126 1.21135275249
5146.3212391 2.91000990434
5147.5063598 1.20361262315
5148.69175341 2.77623172319
5149.87741999 2.55911665183
5151.06335962 1.58789318469
5152.24957236 2.37051304948
5153.43605826 1.82634902814
5154.62281739 1.55294227849
5155.80984981 1.99638967511
5156.99715559 2.49820341236
5158.18473478 3.15333005001
5159.37258746 3.47852703677
5160.56071369 2.39443293132
5161.74911352 2.76992139968
5162.93778702 2.45387380833
5164.12673426 2.4590672725
5165.31595529 2.43268830182
5166.50545018 1.84260813827
5167.695219 1.64309590978
5168.8852618 1.04771581985
5170.07557865 0.715718565186
5171.26616961 0.225882493599
5172.45703475 0.0
5173.64817412 0.328228864813
5174.8395878 0.479771368379
5176.03127584 0.879208464816
5177.22323831 1.39419887559
5178.41547528 2.30830371451
5179.60798679 2.29765936636
5180.80077292 1.39380532849
5181.99383374 2.03026306652
5183.1871693 1.70929619103
5184.38077966 0.659603669512
5185.5746649 0.411469500443
5186.76882507 0.568850125549
5187.96326023 0.743902105658
5189.15797046 1.83682292772
5190.35295581 1.90463552959
5191.54821635 1.86782995592
5192.74375214 2.16289075038
5193.93956324 1.79765592635
5195.13564972 1.28046708732
5196.33201164 2.77923014544
5197.52864907 2.31907793615
5198.72556206 2.27621270942
5199.92275069 2.52486601214
5201.12021501 2.70332090018
5202.31795508 2.94477605503
5203.51597098 3.21314768127
5204.71426277 2.71780334658
5205.9128305 2.72084202501
5207.11167424 2.23905815597
5208.31079406 1.52473507041
5209.51019002 1.50650881382
5210.70986219 2.05434089738
5211.90981061 2.33335383559
5213.11003537 1.8802341626
5214.31053653 2.00337509054
5215.51131414 2.56217761086
5216.71236827 2.84148748102
5217.91369899 3.05921062526
5219.11530635 3.04966076824
5220.31719043 2.35030276347
5221.51935128 2.8937398812
5222.72178897 3.51757467977
5223.92450357 2.8314648203
5225.12749513 2.41074056007
5226.33076373 1.91355827355
5227.53430941 1.42787408742
5228.73813226 1.15048944498
5229.94223233 1.39456399387
5231.14660969 1.95312209463
5232.35126439 2.15070821402
5233.55619651 2.77991993597
5234.76140611 1.98753469953
5235.96689325 1.80728213118
5237.172658 2.5211317431
5238.37870041 2.63912383595
5239.58502056 1.75250781675
5240.7916185 2.39658794482
5241.99849431 2.82369127412
5243.20564804 3.12412730218
5244.41307976 2.86530638808
5245.62078954 2.07002306249
5246.82877743 2.22789634218
5248.03704351 2.77404220336
5249.24558783 2.50200812062
5250.45441046 2.06132169232
5251.66351146 2.02160064745
5252.8728909 2.34959519999
5254.08254884 2.68017240258
5255.29248535 2.74290090339
5256.50270049 2.80304975279
5257.71319433 2.63167010269
5258.92396692 2.01062899145
5260.13501833 2.04075316191
5261.34634864 3.79931518491
5262.55795789 2.13858202546
5263.76984616 2.52068772236
5264.98201351 1.122518677
5266.19446 0.00500120686036
5267.4071857 1.62774427625
5268.62019067 1.44918573206
5269.83347498 1.44988226494
5271.0470387 0.676440821472
5272.26088187 0.926018244936
5273.47500458 1.28250226072
5274.68940688 1.07348277987
5275.90408884 2.14649067554
5277.11905052 0.872865606882
5278.33429199 2.84811561744
5279.54981332 3.10097410154
5280.76561456 2.16306942718
5281.98169578 2.380574128
5283.19805704 1.32156212034
5284.41469841 2.3404794621
5285.63161996 2.2253278261
5286.84882175 2.59425080173
5288.06630384 2.92281412827
5289.2840663 2.65787495497
5290.50210919 3.97551514031
5291.72043258 4.30770584038
5292.93903653 3.49508110508
5294.15792111 3.47373416785
5295.37708637 3.57439837339
5296.5965324 2.86873020483
5297.81625924 2.7157892616
5299.03626697 2.14220680198
5300.25655564 2.72638147389
5301.47712534 2.1029865807
5302.69797611 2.52750022477
5303.91910802 4.34116300668
5305.14052114 2.01398326242
5306.36221554 3.18003870014
5307.58419127 3.2426362964
5308.80644841 3.2415117643
5310.02898701 3.78802779443
5311.25180715 3.76234908534
5312.47490888 2.66539555564
5313.69829227 2.53648177406
5314.9219574 3.24053641992
5316.14590431 2.94702981435
5317.37013308 2.01487201608
5318.59464377 2.03219547566
5319.81943645 3.16996450707
5321.04451118 3.50151030927
5322.26986803 2.7516472288
5323.49550705 2.70579738441
5324.72142833 3.1267803936
5325.94763191 2.87642914389
5327.17411787 2.20504888547
5328.40088628 1.54365794872
5329.62793719 1.51479335373
5330.85527067 2.48623723595
5332.08288678 2.73995868091
5333.3107856 1.90411263224
5334.53896719 2.62988199109
5335.7674316 2.06525802372
5336.99617892 1.94153810605
5338.22520919 2.93402085914
5339.4545225 3.6105980836
5340.68411889 2.88877765488
5341.91399845 2.11470196445
5343.14416122 2.35157611318
5344.37460729 3.2964887864
5345.60533671 2.63573106189
5346.83634954 1.51375303772
5348.06764586 1.66215390234
5349.29922573 1.73951819552
5350.53108921 2.19510411119
5351.76323638 1.09794597627
5352.99566729 1.56095302749
5354.228382 2.7220318205
5355.4613806 2.83260171922
5356.69466313 3.86404060166
5357.92822968 3.62116689637
5359.16208029 3.31138596655
5360.39621504 3.64832396815
5361.630634 3.58024625502
5362.86533722 2.54529009401
5364.10032477 2.30474281979
5365.33559673 3.25613672685
5366.57115315 3.06970510444
5367.8069941 2.23229196955
5369.04311964 1.70589749719
5370.27952985 1.89643874492
5371.51622478 2.33122081999
5372.75320451 1.33850045475
5373.99046909 1.44411211397
5375.2280186 1.90929654337
5376.4658531 1.61904360397
5377.70397265 1.1636284658
5378.94237732 2.07374193747
5380.18106718 1.95657135976
5381.42004229 3.04990415682
5382.65930271 2.6590666773
5383.89884852 2.02933538847
5385.13867978 3.23071623104
5386.37879655 3.49607183381
5387.61919891 2.04608271472
5388.85988691 2.38887879781
5390.10086062 2.15347416572
5391.34212011 1.48737193812
5392.58366544 1.81794157308
5393.82549668 1.72139682087
5395.0676139 0.925558649916
5396.31001715 1.21514625565
5397.55270652 2.1437494499
5398.79568206 2.02751891702
5400.03894383 0.875300077063
5401.28249191 1.06608327916
5402.52632636 0.661099950957
5403.77044725 2.11099894677
5405.01485464 2.25083015282
5406.2595486 1.5657354337
5407.50452919 1.85941032292
5408.74979649 1.43337916256
5409.99535055 1.81303793929
5411.24119144 1.77902897485
5412.48731923 1.83429560264
5413.73373398 2.13230160874
5414.98043577 2.4208825016
5416.22742465 2.78846615225
5417.4747007 2.76471981135
5418.72226397 2.07320076279
5419.97011454 2.8184567648
5421.21825247 3.640986823
5422.46667783 2.77104118175
5423.71539068 2.24710544299
5424.96439109 1.64071644693
5426.21367913 1.3839480342
5427.46325486 1.89402993007
5428.71311835 1.99295629998
5429.96326966 1.38417119077
5431.21370887 2.17522133416
5432.46443603 2.28202571272
5433.71545122 1.6897176771
5434.96675449 1.45417043992
5436.21834592 1.72791299742
5437.47022558 2.07795132078
5438.72239352 2.3015461414
5439.97484982 1.89132554992
5441.22759454 2.42910473067
5442.48062775 2.8789595106
5443.73394952 2.75755540978
5444.9875599 2.2688885061
5446.24145898 1.59615614382
5447.49564681 2.50689454052
5448.75012345 1.65844502753
5450.00488899 1.50799768697
5451.25994348 1.84481358264
5452.51528699 1.47744113181
5453.77091959 2.29422275533
5455.02684133 2.24428411739
5456.2830523 2.86262100316
5457.53955256 2.16614801991
5458.79634217 1.13888778877
5460.0534212 1.56157981176
5461.31078972 1.61399822488
5462.56844778 1.03132492313
5463.82639547 1.82033894563
5465.08463285 2.64168835602
5466.34315998 2.48558670203
5467.60197693 1.73138490871
5468.86108376 1.4446360884
5470.12048055 2.33537523411
5471.38016736 1.45740719312
5472.64014425 0.715454571611
5473.9004113 1.17173860951
5475.16096857 1.64823411742
5476.42181613 1.11100658136
5477.68295404 2.07298661877
5478.94438238 1.92527522756
5480.2061012 2.07782575106
5481.46811057 2.19783500421
5482.73041057 1.22909315698
5483.99300126 1.04027361505
5485.2558827 2.99244619185
5486.51905497 2.22289096632
5487.78251812 1.43478221815
5489.04627223 1.68344214731
5490.31031737 1.83158628059
5491.57465359 1.94877613872
5492.83928098 1.02776040829
5494.10419959 1.64091199751
5495.36940949 1.90827563205
5496.63491074 1.23709748486
5497.90070343 0.878073980521
5499.16678761 1.42387180877
